677
888
50
61
721
816
51
318
295
608
68
404
778
979
888
458
232
879
449
23
476
767
693
390
23
366
164
130
594
490
340
623
234
992
296
3
704
670
155
76
276
163
909
115
357
707
809
518
312
935
867
59
739
729
592
335
813
781
715
351
612
578
649
142
866
384
451
654
804
516
454
706
728
503
288
375
147
45
32
466
69
792
466
452
610
877
743
563
61
990
5
946
515
95
768
865
233
788
612
143
954
839
134
291
825
392
958
570
992
476
819
243
659
400
419
983
244
999
661
12
268
735
278
704
970
522
467
18
619
520
89
196
806
130
207
420
562
401
453
59
103
181
724
85
382
794
737
502
86
188
431
462
516
923
744
267
630
705
656
838
476
801
742
16
379
18
839
394
599
72
441
195
813
508
617
468
106
546
457
96
652
16
522
543
363
534
425
873
315
864
945
984
952
665
510
103
94
74
505
559
421
256
509
584
749
692
652
931
180
763
102
558
681
302
808
329
252
660
565
750
940
123
708
654
396
581
445
501
843
703
641
559
694
197
365
197
277
1
522
455
399
427
141
22
170
170
886
49
99
393
247
116
678
372
459
898
787
369
112
383
909
820
362
728
600
147
926
246
822
720
255
773
294
645
257
618
107
753
128
435
996
849
883
849
156
2
747
865
88
418
714
768
41
150
378
668
654
254
115
391
175
725
343
934
127
933
206
289
807
183
434
179
435
208
902
224
652
903
704
966
993
258
71
229
739
552
675
280
908
450
384
349
498
195
70
1
717
247
897
204
547
879
432
980
765
778
547
790
152
695
878
839
530
678
28
376
974
191
402
752
534
203
818
19
484
695
760
560
701
38
165
817
482
478
965
403
349
315
695
374
524
639
137
878
653
715
765
631
663
919
707
624
952
269
252
830
408
316
393
553
849
768
902
171
529
703
87
788
662
887
77
164
558
594
908
696
463
955
948
589
865
443
642
651
878
364
811
600
491
487
213
870
111
736
345
950
292
879
632
339
502
290
409
108
103
245
381
841
109
540
215
503
609
639
619
38
565
780
386
567
457
675
391
667
249
778
306
383
175
385
950
844
720
192
40
666
38
444
446
101
498
472
658
712
459
72
170
637
720
569
366
926
173
629
53
214
725
874
619
881
