166
19
756
685
746
251
337
332
678
725
719
556
897
168
775
280
585
939
479
699
705
172
606
129
478
828
865
620
207
35
80
850
507
876
51
823
36
981
477
741
977
374
707
292
569
75
630
599
435
359
579
85
579
335
724
521
591
952
728
143
455
702
981
890
723
114
782
775
534
774
583
504
80
1
181
542
442
634
595
646
738
970
623
86
935
707
138
53
614
366
318
900
626
638
187
165
499
983
202
926
973
458
563
610
169
40
681
172
576
432
690
353
228
215
477
489
545
339
572
234
776
500
201
57
525
872
77
797
886
585
843
442
500
492
164
679
230
273
595
645
320
978
424
252
83
499
474
43
366
684
941
155
946
557
572
530
259
863
888
367
698
691
782
830
39
529
38
834
292
695
631
850
437
812
553
410
108
912
203
767
864
426
874
758
965
221
275
857
640
184
831
695
513
897
133
927
282
981
118
457
671
278
146
297
899
202
72
641
786
907
218
426
78
489
567
998
88
992
953
333
600
639
63
233
0
207
126
656
618
379
704
991
690
274
502
110
71
263
969
171
562
73
228
966
737
252
502
166
678
147
260
391
655
775
619
465
907
521
219
502
266
336
271
167
771
296
880
907
331
959
97
886
705
741
662
770
239
423
694
468
546
328
423
133
850
5
144
859
197
571
42
220
535
760
415
695
636
458
653
79
613
288
564
436
929
459
722
935
275
584
9
634
433
357
406
107
932
893
882
235
971
226
669
558
635
206
446
953
890
246
727
763
265
748
189
682
606
999
758
123
9
737
907
446
543
133
669
939
474
163
868
333
882
1
890
513
324
303
997
266
64
919
812
877
529
480
73
484
198
62
356
858
269
311
617
810
391
700
448
924
759
578
682
36
219
532
939
888
341
791
891
367
628
273
70
665
355
743
747
934
915
274
754
327
468
205
15
635
359
54
707
223
375
78
697
670
965
551
982
856
195
449
177
546
872
424
923
770
226
470
328
940
90
649
27
574
817
600
592
557
441
703
74
146
222
253
293
77
747
822
821
708
928
994
262
760
113
185
237
708
506
809
547
786
647
869
482
556
696
36
648
756
930
844
801
633
224
657
457
478
464
693
782
960
530
989
380
437
363
502
442
987
160
35
433
676
926
36
893
108
