645
427
954
310
600
522
611
715
675
87
899
725
727
489
233
569
988
487
227
618
962
432
93
960
279
750
84
309
524
801
189
314
62
136
430
472
639
267
761
530
230
60
113
552
1
539
370
239
710
464
234
764
793
492
789
383
172
176
977
540
569
351
248
364
381
752
579
714
994
83
553
394
996
292
28
524
253
941
412
806
752
486
530
719
542
32
163
0
392
504
487
909
265
471
501
433
567
85
725
752
591
141
969
605
162
980
105
796
943
131
138
34
622
885
562
320
423
354
290
527
901
817
864
93
146
948
72
381
247
157
335
709
312
47
380
593
315
31
731
237
659
329
407
71
13
487
396
555
30
924
494
344
687
519
497
295
742
651
814
348
450
771
382
725
778
459
998
888
931
737
568
602
453
211
546
689
440
738
292
962
968
259
971
71
90
55
166
120
634
256
513
738
891
692
694
254
154
982
900
704
895
519
753
263
248
132
708
580
940
921
880
932
177
587
606
416
723
595
946
852
906
15
335
156
246
482
586
809
330
692
24
563
562
660
677
89
554
617
322
869
196
720
466
771
494
328
81
583
142
169
473
501
578
235
779
428
584
427
895
764
31
336
808
591
81
876
126
228
837
510
497
622
429
828
478
619
801
653
370
952
93
885
265
26
558
450
57
823
172
635
232
59
53
880
790
335
975
468
593
803
335
447
403
172
234
128
114
601
414
936
628
855
831
353
284
309
810
294
45
578
391
516
290
321
424
366
504
359
96
654
665
699
154
767
966
604
551
688
872
761
763
259
819
793
277
915
383
666
449
427
708
799
388
44
313
539
531
775
873
130
953
848
107
423
403
27
821
232
753
32
764
478
947
2
171
40
445
246
525
711
593
815
336
683
880
438
785
677
748
494
821
158
589
462
547
356
390
79
596
661
563
757
596
836
354
491
456
881
411
231
587
789
4
692
319
459
822
222
229
489
614
601
225
534
840
946
741
910
479
807
911
480
42
834
970
248
931
416
414
753
593
272
997
434
920
952
372
345
874
881
409
342
644
178
367
374
903
370
740
944
554
487
827
827
289
315
610
310
388
566
354
658
726
647
542
90
895
804
947
891
257
770
51
462
684
22
205
666
278
521
452
742
786
394
490
68
84
909
282
689
