154
782
990
226
640
526
189
669
14
358
756
972
269
192
425
383
90
293
371
833
550
324
100
456
113
916
296
641
654
490
722
541
850
498
598
675
798
580
617
379
100
589
68
157
143
55
496
652
907
918
619
218
715
919
216
632
473
431
421
994
808
373
38
278
253
861
183
567
980
738
334
210
359
399
447
44
1
731
337
830
569
711
878
494
2
820
360
283
727
286
558
621
884
535
990
982
983
353
532
185
365
388
273
837
42
168
599
366
344
728
536
65
40
355
630
114
303
160
582
948
567
317
158
316
463
452
933
578
493
251
250
988
95
222
820
49
801
627
248
407
392
682
625
154
949
615
714
218
894
742
