13
170
533
592
806
140
864
401
848
403
860
939
641
907
916
669
110
785
164
872
465
744
816
501
627
306
309
539
135
376
4
29
611
474
206
607
819
378
825
289
332
146
110
572
114
942
531
481
910
540
380
97
311
792
305
599
339
4
211
594
67
317
761
846
417
128
778
162
886
603
182
565
452
657
326
266
829
13
76
970
607
488
759
8
44
13
287
527
890
825
330
136
395
544
353
792
834
538
179
782
291
245
483
994
909
636
200
297
128
757
825
101
941
681
507
898
70
132
752
899
810
76
70
34
245
398
457
502
754
787
790
391
902
642
573
645
611
72
1
246
957
754
560
663
92
11
58
786
415
49
